{
 "cells": [
  {
   "cell_type": "code",
   "execution_count": 2,
   "metadata": {},
   "outputs": [],
   "source": [
    "import numpy as np\n",
    "import pandas as pd\n",
    "from scipy.optimize import minimize\n",
    "from decorators import timer, exception_handler, debug"
   ]
  },
  {
   "cell_type": "markdown",
   "metadata": {},
   "source": [
    "# Optimisation"
   ]
  },
  {
   "cell_type": "code",
   "execution_count": null,
   "metadata": {},
   "outputs": [
    {
     "name": "stdout",
     "output_type": "stream",
     "text": [
      "subset_1: Currencies 0 to 6\n",
      "subset_2: Currencies 7 to 13\n",
      "subset_3: Currencies 14 to 19\n",
      "subset_4: Currencies 20 to 25\n",
      "Optimising initial subsets...\n",
      "\n",
      "Optimised J matrix for subset 1: \n",
      "[[ 0.          0.16974151  0.20090152  0.01598079  0.59401933  0.2974987\n",
      "   0.00735996]\n",
      " [ 0.16974151  0.          0.25848471  0.01529574  0.12410511  0.09844882\n",
      "   0.621001  ]\n",
      " [ 0.20090152  0.25848471  0.          0.05273312  0.08685253  0.14679727\n",
      "   0.14669736]\n",
      " [ 0.01598079  0.01529574  0.05273312  0.          0.05469752 -0.09020653\n",
      "   0.31106847]\n",
      " [ 0.59401933  0.12410511  0.08685253  0.05469752  0.          0.19930814\n",
      "   0.05147054]\n",
      " [ 0.2974987   0.09844882  0.14679727 -0.09020653  0.19930814  0.\n",
      "   0.04725655]\n",
      " [ 0.00735996  0.621001    0.14669736  0.31106847  0.05147054  0.04725655\n",
      "   0.        ]]\n",
      "Optimised h vector for subset 1: \n",
      "[ 0.04731641  0.01319187 -0.01573385 -0.03216079  0.00509062 -0.01556793\n",
      " -0.02766881]\n",
      "Optimisation successful for subset 1: True\n",
      "Execution time for wrapper: 4.81521201133728 seconds\n",
      "Subset subset_1 optimised.\n",
      "\n",
      "Optimised J matrix for subset 2: \n",
      "[[0.         0.02639625 0.05050455 0.05761801 0.02610604 0.10930241\n",
      "  0.07441742]\n",
      " [0.02639625 0.         0.66876381 0.02749241 0.37316707 0.01543561\n",
      "  0.11655235]\n",
      " [0.05050455 0.66876381 0.         0.03059736 0.40148946 0.11466012\n",
      "  0.07776262]\n",
      " [0.05761801 0.02749241 0.03059736 0.         0.06595297 0.04094465\n",
      "  0.04431838]\n",
      " [0.02610604 0.37316707 0.40148946 0.06595297 0.         0.10030591\n",
      "  0.15182373]\n",
      " [0.10930241 0.01543561 0.11466012 0.04094465 0.10030591 0.\n",
      "  0.04369797]\n",
      " [0.07441742 0.11655235 0.07776262 0.04431838 0.15182373 0.04369797\n",
      "  0.        ]]\n",
      "Optimised h vector for subset 2: \n",
      "[ 0.05546188  0.01499348 -0.01714374 -0.04954956  0.00229481 -0.03727265\n",
      "  0.045576  ]\n",
      "Optimisation successful for subset 2: True\n",
      "Execution time for wrapper: 4.27711820602417 seconds\n",
      "Subset subset_2 optimised.\n",
      "\n",
      "Optimised J matrix for subset 3: \n",
      "[[ 0.          0.168813    0.05525104  0.01789489  0.13007115  0.16796165]\n",
      " [ 0.168813    0.          0.04394483  0.11239188  0.21910555  0.1957755 ]\n",
      " [ 0.05525104  0.04394483  0.          0.1374914   0.12009063 -0.01564386]\n",
      " [ 0.01789489  0.11239188  0.1374914   0.          0.0918112   0.06315574]\n",
      " [ 0.13007115  0.21910555  0.12009063  0.0918112   0.          0.06711297]\n",
      " [ 0.16796165  0.1957755  -0.01564386  0.06315574  0.06711297  0.        ]]\n",
      "Optimised h vector for subset 3: \n",
      "[ 0.00266427  0.00454705  0.03800692 -0.0465436   0.00510082 -0.0110021 ]\n",
      "Optimisation successful for subset 3: True\n",
      "Execution time for wrapper: 2.425977945327759 seconds\n",
      "Subset subset_3 optimised.\n",
      "\n",
      "Optimised J matrix for subset 4: \n",
      "[[0.         0.17215112 0.10046344 0.01696421 0.12099628 0.16520906]\n",
      " [0.17215112 0.         0.36300259 0.10128032 0.09878911 0.1166402 ]\n",
      " [0.10046344 0.36300259 0.         0.28458928 0.12321864 0.27075544]\n",
      " [0.01696421 0.10128032 0.28458928 0.         0.04236578 0.08498574]\n",
      " [0.12099628 0.09878911 0.12321864 0.04236578 0.         0.29223553]\n",
      " [0.16520906 0.1166402  0.27075544 0.08498574 0.29223553 0.        ]]\n",
      "Optimised h vector for subset 4: \n",
      "[-0.00441135 -0.00885083  0.02919032 -0.00016151 -0.07324353  0.03589126]\n",
      "Optimisation successful for subset 4: True\n",
      "Execution time for wrapper: 2.639681816101074 seconds\n",
      "Subset subset_4 optimised.\n",
      "\n",
      "Combining into larger subsets for further optimisation...\n",
      "\n",
      "Optimised J matrix for subset 1_2: \n",
      "[[ 0.          0.01688303  0.17496427  0.02224199  0.57586311  0.27134832\n",
      "  -0.02038513  0.04281661  0.06057821  0.05239691  0.04727001  0.12877717\n",
      "   0.11591653  0.03461027]\n",
      " [ 0.01688303  0.         -0.00877849 -0.02865789  0.11147392 -0.0126877\n",
      "   0.3111529  -0.05039835  0.47168152  1.57626564  0.0548804   0.10412904\n",
      "   0.06411615  0.03693492]\n",
      " [ 0.17496427 -0.00877849  0.          0.05605583  0.07434649  0.1264689\n",
      "   0.11986718  0.01767288  0.10550294  0.17692198  0.02476566  0.09164263\n",
      "   0.02208853  0.03046255]\n",
      " [ 0.02224199 -0.02865789  0.05605583  0.          0.05772875 -0.08395862\n",
      "   0.31535351  0.01642286  0.01844691  0.06953772  0.02409816 -0.05703959\n",
      "  -0.0123586  -0.04648319]\n",
      " [ 0.57586311  0.11147392  0.07434649  0.05772875  0.          0.18463453\n",
      "   0.03996642  0.03931216  0.04445733 -0.04573346  0.04671273  0.04265406\n",
      "   0.02207247  0.05894146]\n",
      " [ 0.27134832 -0.0126877   0.1264689  -0.08395862  0.18463453  0.\n",
      "   0.02637471  0.01663038  0.06597977  0.02117911  0.0186273   0.09241379\n",
      "   0.04179734  0.08102237]\n",
      " [-0.02038513  0.3111529   0.11986718  0.31535351  0.03996642  0.02637471\n",
      "   0.          0.02519318  0.0851604   0.23632177 -0.01081163  0.08289668\n",
      "   0.03325578  0.05900779]\n",
      " [ 0.04281661 -0.05039835  0.01767288  0.01642286  0.03931216  0.01663038\n",
      "   0.02519318  0.          0.01183575  0.0631945   0.05041321  0.0072806\n",
      "   0.09836774  0.06444228]\n",
      " [ 0.06057821  0.47168152  0.10550294  0.01844691  0.04445733  0.06597977\n",
      "   0.0851604   0.01183575  0.          0.14723959  0.00645266  0.31425544\n",
      "  -0.01752801  0.0862992 ]\n",
      " [ 0.05239691  1.57626564  0.17692198  0.06953772 -0.04573346  0.02117911\n",
      "   0.23632177  0.0631945   0.14723959  0.         -0.03867486  0.22546103\n",
      "   0.01585434 -0.00266177]\n",
      " [ 0.04727001  0.0548804   0.02476566  0.02409816  0.04671273  0.0186273\n",
      "  -0.01081163  0.05041321  0.00645266 -0.03867486  0.          0.04580707\n",
      "   0.0284265   0.03372721]\n",
      " [ 0.12877717  0.10412904  0.09164263 -0.05703959  0.04265406  0.09241379\n",
      "   0.08289668  0.0072806   0.31425544  0.22546103  0.04580707  0.\n",
      "   0.0626646   0.11498736]\n",
      " [ 0.11591653  0.06411615  0.02208853 -0.0123586   0.02207247  0.04179734\n",
      "   0.03325578  0.09836774 -0.01752801  0.01585434  0.0284265   0.0626646\n",
      "   0.          0.02432646]\n",
      " [ 0.03461027  0.03693492  0.03046255 -0.04648319  0.05894146  0.08102237\n",
      "   0.05900779  0.06444228  0.0862992  -0.00266177  0.03372721  0.11498736\n",
      "   0.02432646  0.        ]]\n",
      "Optimised h vector for subset 1_2: \n",
      "[ 0.0481708  -0.05558126 -0.02002208 -0.03054673  0.00306722 -0.01950543\n",
      " -0.03601634  0.05542612  0.02112512  0.0540776  -0.04996463  0.00078413\n",
      " -0.03914839  0.04522408]\n",
      "Optimisation successful for subset 1_2: True\n",
      "Execution time for wrapper: 32.55644106864929 seconds\n",
      "Optimised J matrix for subset 3_4: \n",
      "[[ 0.00000000e+00  9.99277672e-02  2.21314730e-02 -8.97478047e-03\n",
      "   1.19411396e-02  1.40940568e-01  1.14392034e-01  2.57201772e-02\n",
      "   9.93933448e-02  5.06913476e-02  5.90216684e-02  9.82864980e-02]\n",
      " [ 9.99277672e-02  0.00000000e+00 -3.38935479e-03  6.71537822e-02\n",
      "   4.85632220e-02  1.48304404e-01  6.37084846e-02  2.52435618e-02\n",
      "   2.13308116e-01  2.28100232e-01  4.40487368e-02  7.30979013e-02]\n",
      " [ 2.21314730e-02 -3.38935479e-03  0.00000000e+00  1.23390692e-01\n",
      "   4.79879100e-02 -3.10597205e-02  8.86342525e-03 -3.53112227e-03\n",
      "   8.19158330e-02  2.74264954e-02 -5.19456091e-04  1.52990607e-01]\n",
      " [-8.97478047e-03  6.71537822e-02  1.23390692e-01  0.00000000e+00\n",
      "   2.95061641e-02  4.53542077e-02  6.67961330e-02  8.70238757e-03\n",
      "   1.01062537e-01  5.23746607e-02  1.81213467e-02 -2.12817368e-03]\n",
      " [ 1.19411396e-02  4.85632220e-02  4.79879100e-02  2.95061641e-02\n",
      "   0.00000000e+00  2.44849817e-02  1.18828288e-01  5.42183925e-01\n",
      "   1.78767575e-01  9.49980511e-02  1.65721597e-02  1.78757113e-01]\n",
      " [ 1.40940568e-01  1.48304404e-01 -3.10597205e-02  4.53542077e-02\n",
      "   2.44849817e-02  0.00000000e+00  5.92951600e-02 -4.07078309e-02\n",
      "   9.68538624e-02  7.09110483e-02  4.56008006e-02  2.22487422e-03]\n",
      " [ 1.14392034e-01  6.37084846e-02  8.86342525e-03  6.67961330e-02\n",
      "   1.18828288e-01  5.92951600e-02  0.00000000e+00  1.12168443e-01\n",
      "   3.47079241e-02 -2.71861208e-02  1.03647099e-01  1.28390606e-01]\n",
      " [ 2.57201772e-02  2.52435618e-02 -3.53112227e-03  8.70238757e-03\n",
      "   5.42183925e-01 -4.07078309e-02  1.12168443e-01  0.00000000e+00\n",
      "   2.66539309e-01  4.68187203e-02  8.84412185e-02  2.64289755e-02]\n",
      " [ 9.93933448e-02  2.13308116e-01  8.19158330e-02  1.01062537e-01\n",
      "   1.78767575e-01  9.68538624e-02  3.47079241e-02  2.66539309e-01\n",
      "   0.00000000e+00  1.91784505e-01  9.45670691e-02  2.00118706e-01]\n",
      " [ 5.06913476e-02  2.28100232e-01  2.74264954e-02  5.23746607e-02\n",
      "   9.49980511e-02  7.09110483e-02 -2.71861208e-02  4.68187203e-02\n",
      "   1.91784505e-01  0.00000000e+00  2.04159286e-02  4.17108022e-02]\n",
      " [ 5.90216684e-02  4.40487368e-02 -5.19456091e-04  1.81213467e-02\n",
      "   1.65721597e-02  4.56008006e-02  1.03647099e-01  8.84412185e-02\n",
      "   9.45670691e-02  2.04159286e-02  0.00000000e+00  2.79239462e-01]\n",
      " [ 9.82864980e-02  7.30979013e-02  1.52990607e-01 -2.12817368e-03\n",
      "   1.78757113e-01  2.22487422e-03  1.28390606e-01  2.64289755e-02\n",
      "   2.00118706e-01  4.17108022e-02  2.79239462e-01  0.00000000e+00]]\n",
      "Optimised h vector for subset 3_4: \n",
      "[ 0.00190958 -0.00147751  0.03367378 -0.04801731 -0.00242097 -0.0111678\n",
      " -0.00105124 -0.00830006  0.03153827  0.00323342 -0.07165751  0.03077686]\n",
      "Optimisation successful for subset 3_4: True\n",
      "Execution time for wrapper: 9.42490816116333 seconds\n",
      "Larger subsets optimised.\n",
      "\n",
      "Performing final optimisation with the entire dataset...\n",
      "\n",
      "Optimised J matrix for subset full: \n",
      "[[ 0.00000000e+00 -2.33924163e-02  1.34742522e-01  1.78520327e-02\n",
      "   4.95163774e-01  1.97806413e-01 -4.51086222e-02  6.80693279e-04\n",
      "   2.18148165e-02  2.40186255e-02  2.37981846e-02  5.79613803e-02\n",
      "   6.20961834e-02 -1.29431962e-02  1.16901962e-02  2.98044597e-02\n",
      "   6.21555723e-03  7.56825196e-03  7.45297245e-02  5.50130068e-03\n",
      "   8.94739196e-02  7.12625177e-02  2.14268667e-01  2.33027994e-02\n",
      "   4.70591163e-02  1.55912604e-01]\n",
      " [-2.33924163e-02  0.00000000e+00 -2.32837566e-02 -1.65969127e-02\n",
      "   8.36340976e-02 -5.07506528e-02  2.78137462e-01 -6.21721300e-02\n",
      "   4.54057565e-01  1.57385513e+00  5.96030914e-02  6.42070702e-02\n",
      "   4.31419449e-02  1.83203903e-02 -5.55078376e-02  5.08667863e-02\n",
      "  -2.42738292e-02  4.52746612e-02  1.88594094e-03 -8.54006513e-02\n",
      "   1.01707951e-01  2.15875467e-01 -5.75820631e-02  9.90028418e-02\n",
      "   5.77032712e-02  3.37001483e-02]\n",
      " [ 1.34742522e-01 -2.32837566e-02  0.00000000e+00  5.36044971e-02\n",
      "   3.90181677e-02  9.25005860e-02  9.99796924e-02 -2.90052003e-03\n",
      "   8.80347305e-02  1.53772850e-01  1.79861777e-02  6.94305306e-02\n",
      "  -5.31879559e-05  1.63171110e-02  1.43250498e-02  1.21901322e-02\n",
      "   4.23162959e-02  2.54688309e-03  9.71534195e-02 -2.60107313e-04\n",
      "   2.25054826e-02  2.95566528e-02  8.49065719e-02  4.39928388e-02\n",
      "  -7.80853080e-03  3.28662090e-04]\n",
      " [ 1.78520327e-02 -1.65969127e-02  5.36044971e-02  0.00000000e+00\n",
      "   5.38194327e-02 -7.79103317e-02  3.11268930e-01  1.12768311e-02\n",
      "   2.08752445e-02  6.88583710e-02  2.38595932e-02 -4.31651717e-02\n",
      "  -9.91217827e-03 -3.66829007e-02 -4.21142325e-03 -2.14039488e-02\n",
      "  -4.61124020e-02  9.09826936e-03 -4.26203114e-02 -3.27955199e-02\n",
      "  -4.31908852e-02 -3.63271962e-02  1.37624265e-01  6.22544430e-02\n",
      "  -7.79614964e-02 -1.38905524e-02]\n",
      " [ 4.95163774e-01  8.36340976e-02  3.90181677e-02  5.38194327e-02\n",
      "   0.00000000e+00  1.29771873e-01  1.86097351e-02  1.24385508e-03\n",
      "   1.16961464e-02 -6.72877354e-02  2.74889025e-02 -7.42985151e-03\n",
      "  -2.57882352e-02  2.55734180e-02  1.76981742e-02  7.59220433e-02\n",
      "   6.51155810e-02  1.55330329e-03  8.84056076e-02  1.98591165e-02\n",
      "  -2.80615580e-02  5.86061293e-02  1.63330877e-01  2.05781701e-02\n",
      "   4.29752785e-02  8.10413656e-02]\n",
      " [ 1.97806413e-01 -5.07506528e-02  9.25005860e-02 -7.79103317e-02\n",
      "   1.29771873e-01  0.00000000e+00  1.35730359e-03 -8.06205253e-03\n",
      "   3.94790413e-02 -2.41112382e-03  9.25882788e-03  4.56273124e-02\n",
      "   1.07222662e-02  5.36045041e-02 -3.74811909e-03  4.87269455e-03\n",
      "   5.51038916e-02 -1.48283690e-02  1.55454400e-01 -8.97332254e-03\n",
      "   6.97880542e-02  3.53749639e-02  9.59669451e-02  4.62881669e-02\n",
      "   2.97846587e-02  8.97508372e-02]\n",
      " [-4.51086222e-02  2.78137462e-01  9.99796924e-02  3.11268930e-01\n",
      "   1.86097351e-02  1.35730359e-03  0.00000000e+00  1.45312774e-02\n",
      "   7.04468748e-02  2.06429752e-01 -1.26725903e-02  6.43594980e-02\n",
      "   3.25238345e-02  5.29246955e-02 -7.65064649e-03 -2.25091844e-02\n",
      "  -3.76363831e-02  4.01118743e-03  1.20280381e-01 -2.62778669e-02\n",
      "  -9.17794709e-03  1.22970391e-01  6.91834487e-02  3.85845109e-02\n",
      "  -1.43393430e-02 -5.53854529e-02]\n",
      " [ 6.80693279e-04 -6.21721300e-02 -2.90052003e-03  1.12768311e-02\n",
      "   1.24385508e-03 -8.06205253e-03  1.45312774e-02  0.00000000e+00\n",
      "  -3.27237997e-03  5.10693174e-02  3.50865423e-02 -1.09509698e-02\n",
      "   5.66809345e-02  4.32809234e-02  4.09665988e-02  6.46610135e-02\n",
      "   1.45918599e-02  3.61965702e-02  4.06977923e-02  6.45964520e-02\n",
      "   1.38822852e-02  6.92892994e-03  9.29153133e-02  5.18556519e-02\n",
      "  -4.15250755e-03 -1.50828664e-02]\n",
      " [ 2.18148165e-02  4.54057565e-01  8.80347305e-02  2.08752445e-02\n",
      "   1.16961464e-02  3.94790413e-02  7.04468748e-02 -3.27237997e-03\n",
      "   0.00000000e+00  1.27515307e-01 -1.19284838e-03  2.92261397e-01\n",
      "  -3.54264427e-02  7.16500369e-02  1.56425224e-02  1.43573982e-02\n",
      "   5.79476376e-02  9.92590302e-03  2.74018968e-02  1.42904248e-02\n",
      "   8.86223151e-03  8.95460783e-02  7.74663492e-02 -2.30890239e-02\n",
      "   1.57550491e-03  2.69468622e-02]\n",
      " [ 2.40186255e-02  1.57385513e+00  1.53772850e-01  6.88583710e-02\n",
      "  -6.72877354e-02 -2.41112382e-03  2.06429752e-01  5.10693174e-02\n",
      "   1.27515307e-01  0.00000000e+00 -4.88742407e-02  2.15563909e-01\n",
      "   1.64629538e-02 -1.24737974e-02  2.73336597e-03 -7.13631036e-02\n",
      "  -1.18687093e-03 -1.13297583e-02  1.04696385e-01  7.28726422e-02\n",
      "  -7.06324869e-06  1.01251272e-01  1.33483552e-01 -6.27092020e-02\n",
      "  -6.19435642e-02 -5.78170363e-02]\n",
      " [ 2.37981846e-02  5.96030914e-02  1.79861777e-02  2.38595932e-02\n",
      "   2.74889025e-02  9.25882788e-03 -1.26725903e-02  3.50865423e-02\n",
      "  -1.19284838e-03 -4.88742407e-02  0.00000000e+00  3.13110376e-02\n",
      "   2.75111077e-03  1.82036485e-02  5.64584275e-02  3.74316078e-02\n",
      "  -1.48491633e-02 -1.42172547e-02 -4.82866319e-03  6.09530748e-02\n",
      "  -3.96162789e-04  1.09012224e-02  5.21288333e-02 -7.26960003e-03\n",
      "   1.16657464e-02  1.14710234e-02]\n",
      " [ 5.79613803e-02  6.42070702e-02  6.94305306e-02 -4.31651717e-02\n",
      "  -7.42985151e-03  4.56273124e-02  6.43594980e-02 -1.09509698e-02\n",
      "   2.92261397e-01  2.15563909e-01  3.13110376e-02  0.00000000e+00\n",
      "   2.64838867e-02  7.61317102e-02  5.74454862e-02 -1.64239341e-02\n",
      "  -2.35941099e-02 -3.85063258e-03  6.11289897e-02  1.62530751e-02\n",
      "   7.16649159e-03  1.05783633e-01  3.84883072e-02  4.07547308e-02\n",
      "   1.38831562e-01  1.26730279e-01]\n",
      " [ 6.20961834e-02  4.31419449e-02 -5.31879559e-05 -9.91217827e-03\n",
      "  -2.57882352e-02  1.07222662e-02  3.25238345e-02  5.66809345e-02\n",
      "  -3.54264427e-02  1.64629538e-02  2.75111077e-03  2.64838867e-02\n",
      "   0.00000000e+00 -1.37468488e-02  1.05047424e-01  1.07322222e-01\n",
      "   1.77204968e-02  5.60786190e-02 -7.59360461e-05  1.09243086e-01\n",
      "   3.76840582e-02  1.78499352e-02  3.79533682e-02  6.32008446e-02\n",
      "   1.84392439e-02  4.04908408e-02]\n",
      " [-1.29431962e-02  1.83203903e-02  1.63171110e-02 -3.66829007e-02\n",
      "   2.55734180e-02  5.36045041e-02  5.29246955e-02  4.32809234e-02\n",
      "   7.16500369e-02 -1.24737974e-02  1.82036485e-02  7.61317102e-02\n",
      "  -1.37468488e-02  0.00000000e+00  6.10095015e-02  4.85062936e-02\n",
      "  -2.91861528e-02  4.14021603e-02  3.85552200e-02  3.79715038e-02\n",
      "   4.25279287e-02  3.05318492e-02  4.14763875e-02 -1.74633023e-02\n",
      "   9.36465984e-02  3.83586208e-02]\n",
      " [ 1.16901962e-02 -5.55078376e-02  1.43250498e-02 -4.21142325e-03\n",
      "   1.76981742e-02 -3.74811909e-03 -7.65064649e-03  4.09665988e-02\n",
      "   1.56425224e-02  2.73336597e-03  5.64584275e-02  5.74454862e-02\n",
      "   1.05047424e-01  6.10095015e-02  0.00000000e+00  7.82881275e-02\n",
      "   1.88473469e-02 -1.77241223e-02 -1.87648540e-03  1.19109815e-01\n",
      "   1.04773793e-01  1.32184728e-02  7.29738103e-02  4.03805285e-02\n",
      "   4.22837229e-02  7.85461913e-02]\n",
      " [ 2.98044597e-02  5.08667863e-02  1.21901322e-02 -2.14039488e-02\n",
      "   7.59220433e-02  4.87269455e-03 -2.25091844e-02  6.46610135e-02\n",
      "   1.43573982e-02 -7.13631036e-02  3.74316078e-02 -1.64239341e-02\n",
      "   1.07322222e-01  4.85062936e-02  7.82881275e-02  0.00000000e+00\n",
      "  -1.29975966e-02  5.74805949e-02  3.16914894e-02  1.25713711e-01\n",
      "   5.13112306e-02  1.61703991e-02  1.77410456e-01  2.16541647e-01\n",
      "   2.96594554e-02  4.96436791e-02]\n",
      " [ 6.21555723e-03 -2.42738292e-02  4.23162959e-02 -4.61124020e-02\n",
      "   6.51155810e-02  5.51038916e-02 -3.76363831e-02  1.45918599e-02\n",
      "   5.79476376e-02 -1.18687093e-03 -1.48491633e-02 -2.35941099e-02\n",
      "   1.77204968e-02 -2.91861528e-02  1.88473469e-02 -1.29975966e-02\n",
      "   0.00000000e+00  1.23632642e-01  3.00650564e-02 -3.55697649e-02\n",
      "   8.93022533e-04 -4.22053037e-03  6.04170067e-02  2.42452851e-02\n",
      "  -7.65559577e-03  1.34349216e-01]\n",
      " [ 7.56825196e-03  4.52746612e-02  2.54688309e-03  9.09826936e-03\n",
      "   1.55330329e-03 -1.48283690e-02  4.01118743e-03  3.61965702e-02\n",
      "   9.92590302e-03 -1.13297583e-02 -1.42172547e-02 -3.85063258e-03\n",
      "   5.60786190e-02  4.14021603e-02 -1.77241223e-02  5.74805949e-02\n",
      "   1.23632642e-01  0.00000000e+00  1.90648361e-02  3.69393738e-02\n",
      "   5.98387394e-02 -1.47560513e-02  8.24077075e-02  4.39977112e-02\n",
      "   1.31791979e-02 -5.63033198e-03]\n",
      " [ 7.45297245e-02  1.88594094e-03  9.71534195e-02 -4.26203114e-02\n",
      "   8.84056076e-02  1.55454400e-01  1.20280381e-01  4.06977923e-02\n",
      "   2.74018968e-02  1.04696385e-01 -4.82866319e-03  6.11289897e-02\n",
      "  -7.59360461e-05  3.85552200e-02 -1.87648540e-03  3.16914894e-02\n",
      "   3.00650564e-02  1.90648361e-02  0.00000000e+00  1.89746823e-02\n",
      "   7.40982191e-02  3.99573143e-01  3.75236973e-02  5.70720581e-02\n",
      "  -2.11072036e-02  1.20265675e-01]\n",
      " [ 5.50130068e-03 -8.54006513e-02 -2.60107313e-04 -3.27955199e-02\n",
      "   1.98591165e-02 -8.97332254e-03 -2.62778669e-02  6.45964520e-02\n",
      "   1.42904248e-02  7.28726422e-02  6.09530748e-02  1.62530751e-02\n",
      "   1.09243086e-01  3.79715038e-02  1.19109815e-01  1.25713711e-01\n",
      "  -3.55697649e-02  3.69393738e-02  1.89746823e-02  0.00000000e+00\n",
      "   5.08219713e-02 -4.75560289e-02  8.04593695e-02  6.40419214e-02\n",
      "   3.40574243e-02 -1.17734229e-02]\n",
      " [ 8.94739196e-02  1.01707951e-01  2.25054826e-02 -4.31908852e-02\n",
      "  -2.80615580e-02  6.97880542e-02 -9.17794709e-03  1.38822852e-02\n",
      "   8.86223151e-03 -7.06324869e-06 -3.96162789e-04  7.16649159e-03\n",
      "   3.76840582e-02  4.25279287e-02  1.04773793e-01  5.13112306e-02\n",
      "   8.93022533e-04  5.98387394e-02  7.40982191e-02  5.08219713e-02\n",
      "   0.00000000e+00  5.46115455e-02 -1.44253512e-02 -4.03479757e-02\n",
      "   8.42198973e-02  9.99860054e-02]\n",
      " [ 7.12625177e-02  2.15875467e-01  2.95566528e-02 -3.63271962e-02\n",
      "   5.86061293e-02  3.53749639e-02  1.22970391e-01  6.92892994e-03\n",
      "   8.95460783e-02  1.01251272e-01  1.09012224e-02  1.05783633e-01\n",
      "   1.78499352e-02  3.05318492e-02  1.32184728e-02  1.61703991e-02\n",
      "  -4.22053037e-03 -1.47560513e-02  3.99573143e-01 -4.75560289e-02\n",
      "   5.46115455e-02  0.00000000e+00  1.05360245e-01 -2.80312744e-03\n",
      "   4.62062819e-02 -2.40792724e-02]\n",
      " [ 2.14268667e-01 -5.75820631e-02  8.49065719e-02  1.37624265e-01\n",
      "   1.63330877e-01  9.59669451e-02  6.91834487e-02  9.29153133e-02\n",
      "   7.74663492e-02  1.33483552e-01  5.21288333e-02  3.84883072e-02\n",
      "   3.79533682e-02  4.14763875e-02  7.29738103e-02  1.77410456e-01\n",
      "   6.04170067e-02  8.24077075e-02  3.75236973e-02  8.04593695e-02\n",
      "  -1.44253512e-02  1.05360245e-01  0.00000000e+00  1.36203549e-01\n",
      "   5.74782095e-02  1.10029439e-01]\n",
      " [ 2.33027994e-02  9.90028418e-02  4.39928388e-02  6.22544430e-02\n",
      "   2.05781701e-02  4.62881669e-02  3.85845109e-02  5.18556519e-02\n",
      "  -2.30890239e-02 -6.27092020e-02 -7.26960003e-03  4.07547308e-02\n",
      "   6.32008446e-02 -1.74633023e-02  4.03805285e-02  2.16541647e-01\n",
      "   2.42452851e-02  4.39977112e-02  5.70720581e-02  6.40419214e-02\n",
      "  -4.03479757e-02 -2.80312744e-03  1.36203549e-01  0.00000000e+00\n",
      "   1.49378155e-02  2.33987214e-02]\n",
      " [ 4.70591163e-02  5.77032712e-02 -7.80853080e-03 -7.79614964e-02\n",
      "   4.29752785e-02  2.97846587e-02 -1.43393430e-02 -4.15250755e-03\n",
      "   1.57550491e-03 -6.19435642e-02  1.16657464e-02  1.38831562e-01\n",
      "   1.84392439e-02  9.36465984e-02  4.22837229e-02  2.96594554e-02\n",
      "  -7.65559577e-03  1.31791979e-02 -2.11072036e-02  3.40574243e-02\n",
      "   8.42198973e-02  4.62062819e-02  5.74782095e-02  1.49378155e-02\n",
      "   0.00000000e+00  2.39543125e-01]\n",
      " [ 1.55912604e-01  3.37001483e-02  3.28662090e-04 -1.38905524e-02\n",
      "   8.10413656e-02  8.97508372e-02 -5.53854529e-02 -1.50828664e-02\n",
      "   2.69468622e-02 -5.78170363e-02  1.14710234e-02  1.26730279e-01\n",
      "   4.04908408e-02  3.83586208e-02  7.85461913e-02  4.96436791e-02\n",
      "   1.34349216e-01 -5.63033198e-03  1.20265675e-01 -1.17734229e-02\n",
      "   9.99860054e-02 -2.40792724e-02  1.10029439e-01  2.33987214e-02\n",
      "   2.39543125e-01  0.00000000e+00]]\n",
      "Optimised h vector for subset full: \n",
      "[ 0.04779836 -0.05366209 -0.02290905 -0.03698144 -0.00108511 -0.02267829\n",
      " -0.03621133  0.05664139  0.02037063  0.04992572 -0.04895777  0.00728152\n",
      " -0.03460696  0.05471542  0.00042362 -0.00568938  0.03111229 -0.05060962\n",
      " -0.00588267 -0.01422568 -0.0061657  -0.00898305  0.03333132  0.00741053\n",
      " -0.0816333   0.02329783]\n",
      "Optimisation successful for subset full: True\n",
      "Execution time for wrapper: 118.77802586555481 seconds\n",
      "Final optimisation completed.\n",
      "\n",
      "Execution time for optimise_all_subsets: 174.91868591308594 seconds\n",
      "The optimised J matrix has been saved to 'Results/J_matrix.csv'.\n",
      "The optimised h vector has been saved to 'Results/h_vector.csv'.\n"
     ]
    }
   ],
   "source": [
    "class IsingOptimiser:\n",
    "    def __init__(self, data_path):\n",
    "        \"\"\"\n",
    "        Initialiser for the IsingOptimiser class.\n",
    "\n",
    "        Args:\n",
    "        data_path (str): Path to the CSV file containing currency data.\n",
    "        \"\"\"\n",
    "        self.df = pd.read_csv(data_path)\n",
    "        self.symbols = self.df.columns.tolist()[1:]\n",
    "        self.data_matrix = self.df.drop(columns=[\"Date\"]).to_numpy()\n",
    "        self._divide_into_subsets()\n",
    "\n",
    "    def _divide_into_subsets(self):\n",
    "        \"\"\"\n",
    "        Divide the currencies into approximately equal subsets.\n",
    "        \"\"\"\n",
    "        num_currencies = len(self.symbols)\n",
    "        subset_size = num_currencies // 4\n",
    "        extra = num_currencies % 4\n",
    "\n",
    "        self.subsets_indices = {}\n",
    "        start = 0\n",
    "        for i in range(4):\n",
    "            end = start + subset_size + (1 if i < extra else 0)\n",
    "            self.subsets_indices[f'subset_{i+1}'] = list(range(start, end))\n",
    "            start = end\n",
    "\n",
    "        self.data_subsets = {key: self.data_matrix[:, indices] for key, indices in self.subsets_indices.items()}\n",
    "\n",
    "        # Print information about how the currencies have been divided into subsets\n",
    "        for key, indices in self.subsets_indices.items():\n",
    "            print(f\"{key}: Currencies {indices[0]} to {indices[-1]}\")\n",
    "\n",
    "    @staticmethod\n",
    "    def _log_pseudolikelihood_and_gradients(J, h, X):\n",
    "        \"\"\"\n",
    "        Calculate the log-pseudo-likelihood for the Ising model and its gradients.\n",
    "        \"\"\"\n",
    "        n, d = X.shape  # Number of samples and dimensions\n",
    "        log_likelihood = 0\n",
    "        grad_J = np.zeros_like(J)  # Initialise the gradient of J\n",
    "        grad_h = np.zeros_like(h)  # Initialise the gradient of h\n",
    "\n",
    "        for i in range(n):\n",
    "            for j in range(d):\n",
    "                S_ij = np.dot(J[j, :], X[i, :]) - J[j, j] * X[i, j] + h[j]\n",
    "                log_likelihood += X[i, j] * S_ij - np.log(2 * np.cosh(S_ij))\n",
    "                grad_h[j] += X[i, j] - np.tanh(S_ij)\n",
    "                for k in range(d):\n",
    "                    if k != j:\n",
    "                        grad_J[j, k] += X[i, j] * X[i, k] - np.tanh(S_ij) * X[i, k]\n",
    "\n",
    "        grad_J = (grad_J + grad_J.T) / 2  # Make the J gradient symmetric\n",
    "\n",
    "        # Return the negative likelihood and gradients for minimisation\n",
    "        return -log_likelihood, -grad_J, -grad_h\n",
    "\n",
    "    @timer\n",
    "    @exception_handler\n",
    "    def _optimise_subset(self, data_subset, J_subset, h_subset, subset_index):\n",
    "        \"\"\"\n",
    "        Optimise a subset of the Ising model using the L-BFGS-B algorithm.\n",
    "\n",
    "        Args:\n",
    "        subset_index (int): Index of the subset being optimised.\n",
    "        \"\"\"\n",
    "        N = J_subset.shape[0]  # Number of spins (currencies)\n",
    "\n",
    "        # Flatten the J matrix and h vector for the optimisation\n",
    "        x0 = np.concatenate([J_subset[np.triu_indices(N, k=1)], h_subset])\n",
    "\n",
    "        def objective_function(x):\n",
    "            # Construct the symmetric J matrix and calculate the likelihood and gradients\n",
    "            J, h = self._reconstruct_J_and_h(x, N)\n",
    "            likelihood, grad_J, grad_h = self._log_pseudolikelihood_and_gradients(J, h, data_subset)\n",
    "            # Combine and return the likelihood and flattened gradients\n",
    "            return likelihood, np.concatenate([grad_J[np.triu_indices(N, k=1)], grad_h])\n",
    "        \n",
    "        # Execute the optimisation using the objective function and initial guesses\n",
    "        res = minimize(objective_function, x0, method='L-BFGS-B', jac=True)\n",
    "\n",
    "        # Reconstruct the optimised J matrix and h vector from the optimisation result\n",
    "        J_optimised, h_optimised = self._reconstruct_J_and_h(res.x, N)\n",
    "\n",
    "        # Print the optimisation results for the subset\n",
    "        print(f\"Optimised J matrix for subset {subset_index}: \\n{J_optimised}\")\n",
    "        print(f\"Optimised h vector for subset {subset_index}: \\n{h_optimised}\")\n",
    "        print(f\"Optimisation successful for subset {subset_index}: {res.success}\")\n",
    "\n",
    "        return J_optimised, h_optimised, res.success\n",
    "\n",
    "    @staticmethod\n",
    "    def _reconstruct_J_and_h(flattened_array, N):\n",
    "        \"\"\"\n",
    "        Helper function to reconstruct the symmetric J matrix and h vector from a flattened array.\n",
    "        \"\"\"\n",
    "        J_upper_tri = flattened_array[:N * (N - 1) // 2]\n",
    "        h = flattened_array[N * (N - 1) // 2:]\n",
    "\n",
    "        # Construct the symmetric J matrix from the upper triangular part\n",
    "        J = np.zeros((N, N))\n",
    "        J[np.triu_indices(N, k=1)] = J_upper_tri\n",
    "        J += J.T  # Symmetrise the J matrix\n",
    "        np.fill_diagonal(J, 0)  # Set the diagonal of the J matrix to 0\n",
    "\n",
    "        return J, h\n",
    "\n",
    "    @staticmethod\n",
    "    def _combine_J_matrices(*matrices):\n",
    "        \"\"\"\n",
    "        Combine smaller J matrices into a larger J matrix.\n",
    "        \"\"\"\n",
    "        size = sum(m.shape[0] for m in matrices)\n",
    "        J_combined = np.zeros((size, size))\n",
    "\n",
    "        current_index = 0\n",
    "        for m in matrices:\n",
    "            m_size = m.shape[0]\n",
    "            J_combined[current_index:current_index+m_size, current_index:current_index+m_size] = m\n",
    "            current_index += m_size\n",
    "\n",
    "        return J_combined\n",
    "\n",
    "    @staticmethod\n",
    "    def _combine_h_vectors(*vectors):\n",
    "        \"\"\"\n",
    "        Combine smaller h vectors into a larger h vector.\n",
    "        \"\"\"\n",
    "        return np.concatenate(vectors)\n",
    "\n",
    "    @timer\n",
    "    def optimise_all_subsets(self):\n",
    "        print(\"Optimising initial subsets...\\n\")\n",
    "        J_initial = {key: np.random.rand(len(indices), len(indices)) for key, indices in self.subsets_indices.items()}\n",
    "        h_initial = {key: np.random.rand(len(indices)) for key, indices in self.subsets_indices.items()}\n",
    "        optimised_results = {}\n",
    "        for index, (key, data_subset) in enumerate(self.data_subsets.items(), 1):\n",
    "            J_opt, h_opt, success = self._optimise_subset(data_subset, J_initial[key], h_initial[key], index)\n",
    "            optimised_results[key] = (J_opt, h_opt, success)\n",
    "            print(f\"Subset {key} optimised.\\n\")\n",
    "\n",
    "        print(\"Combining into larger subsets for further optimisation...\\n\")\n",
    "        # Combine subsets 1 and 2, and subsets 3 and 4\n",
    "        J_combined_1_2, h_combined_1_2 = self._combine_J_matrices(optimised_results['subset_1'][0], optimised_results['subset_2'][0]), self._combine_h_vectors(optimised_results['subset_1'][1], optimised_results['subset_2'][1])\n",
    "        J_combined_3_4, h_combined_3_4 = self._combine_J_matrices(optimised_results['subset_3'][0], optimised_results['subset_4'][0]), self._combine_h_vectors(optimised_results['subset_3'][1], optimised_results['subset_4'][1])\n",
    "\n",
    "        # Optimise the combined larger subsets\n",
    "        J_optimised_1_2, h_optimised_1_2, _ = self._optimise_subset(self.data_matrix[:, self.subsets_indices['subset_1'] + self.subsets_indices['subset_2']], J_combined_1_2, h_combined_1_2, '1_2')\n",
    "        J_optimised_3_4, h_optimised_3_4, _ = self._optimise_subset(self.data_matrix[:, self.subsets_indices['subset_3'] + self.subsets_indices['subset_4']], J_combined_3_4, h_combined_3_4, '3_4')\n",
    "        print(\"Larger subsets optimised.\\n\")\n",
    "\n",
    "        # Final optimisation with the entire dataset\n",
    "        print(\"Performing final optimisation with the entire dataset...\\n\")\n",
    "        J_final_combined = self._combine_J_matrices(J_optimised_1_2, J_optimised_3_4)\n",
    "        h_final_combined = self._combine_h_vectors(h_optimised_1_2, h_optimised_3_4)\n",
    "\n",
    "        J_optimised_full, h_optimised_full, _ = self._optimise_subset(self.data_matrix, J_final_combined, h_final_combined, 'full')\n",
    "        print(\"Final optimisation completed.\\n\")\n",
    "\n",
    "        return J_optimised_full, h_optimised_full\n",
    "\n",
    "    def save_results(self, J_matrix, h_vector, J_file_path, h_file_path):\n",
    "        \"\"\"\n",
    "        Save the optimised J matrix and h vector to CSV files.\n",
    "        \"\"\"\n",
    "        J_df = pd.DataFrame(J_matrix, columns=self.symbols, index=self.symbols)\n",
    "        h_df = pd.DataFrame({'Symbol': self.symbols, 'h': h_vector})\n",
    "\n",
    "        J_df.to_csv(J_file_path, index=False)\n",
    "        h_df.to_csv(h_file_path, index=False, header=False)\n",
    "\n",
    "        print(f\"The optimised J matrix has been saved to '{J_file_path}'.\")\n",
    "        print(f\"The optimised h vector has been saved to '{h_file_path}'.\")\n",
    "\n",
    "ising_optimiser = IsingOptimiser('Results/data_matrix.csv')\n",
    "J_optimised, h_optimised = ising_optimiser.optimise_all_subsets()\n",
    "ising_optimiser.save_results(J_optimised, h_optimised, J_file_path='Results/J_matrix.csv', h_file_path='Results/h_vector.csv')"
   ]
  },
  {
   "cell_type": "markdown",
   "metadata": {},
   "source": [
    "# Boltzmann Machine"
   ]
  },
  {
   "cell_type": "code",
   "execution_count": 15,
   "metadata": {},
   "outputs": [],
   "source": [
    "class BoltzmannMachine:\n",
    "    def __init__(self, data_matrix_df, J_matrix_df, h_vector_df):\n",
    "        self.data_matrix_df = data_matrix_df\n",
    "        self.data_matrix = data_matrix_df.drop(columns=[\"Date\"]).to_numpy()\n",
    "        self.J = J_matrix_df.values\n",
    "        self.h = h_vector_df[1].values\n",
    "        self.W = np.zeros(self.data_matrix.shape[1])\n",
    "        self.b = 0\n",
    "        self.Z = np.random.choice([-1, 1], size=(self.data_matrix.shape[0],))\n",
    "        self.symbols = J_matrix_df.columns.tolist()\n",
    "\n",
    "    @staticmethod\n",
    "    def _log_pseudo_likelihood_and_gradients(J, h, W, X, Z):\n",
    "        M, N = X.shape  # M samples (days), N variables (currencies)\n",
    "        likelihood = 0\n",
    "        grad_J = np.zeros_like(J)\n",
    "        grad_h = np.zeros_like(h)\n",
    "        grad_W = np.zeros_like(W)\n",
    "\n",
    "        # Loop over all currencies (i) and all days (m)\n",
    "        for m in range(M):\n",
    "            for i in range(N):\n",
    "                # Summation for all other currencies j != i\n",
    "                sum_j = np.sum(J[i, :] * X[m, :]) - J[i, i] * X[m, i]\n",
    "\n",
    "                # Calculate the energy contributions without the spin i\n",
    "                energy_without_i = sum_j + h[i] + W[i] * Z[m]\n",
    "\n",
    "                # Update the likelihood\n",
    "                likelihood += X[m, i] * (h[i] + W[i] * Z[m] + sum_j) - np.log(2 * np.cosh(energy_without_i))\n",
    "\n",
    "                # Calculate the tanh term for gradient updates\n",
    "                tanh_term = np.tanh(energy_without_i)\n",
    "\n",
    "                # Update gradients for h, W\n",
    "                grad_h[i] += X[m, i] - tanh_term\n",
    "                grad_W[i] += X[m, i] * Z[m] - tanh_term * Z[m]\n",
    "\n",
    "                # Update gradient for J, ensuring i != j\n",
    "                for j in range(N):\n",
    "                    if i != j:\n",
    "                        grad_J[i, j] += X[m, i] * X[m, j] - tanh_term * X[m, j]\n",
    "\n",
    "        # Symmetrise the gradient of J outside the loop for efficiency\n",
    "        grad_J = (grad_J + grad_J.T) / 2\n",
    "        np.fill_diagonal(grad_J, 0)\n",
    "\n",
    "        # Return the negative likelihood and gradients for minimisation\n",
    "        return -likelihood, -grad_J, -grad_h, -grad_W\n",
    "\n",
    "    @staticmethod\n",
    "    def _reconstruct_parameters(flattened_array, N):\n",
    "        \"\"\"\n",
    "        Helper function to reconstruct parameters from a flattened array\n",
    "        \"\"\"\n",
    "        # Extract J, h and W from the flattened array\n",
    "        size_J = N * (N - 1) // 2\n",
    "        size_h = N\n",
    "        size_W = N\n",
    "\n",
    "        J_upper_tri = flattened_array[:size_J]\n",
    "        h = flattened_array[size_J:size_J + size_h]\n",
    "        W = flattened_array[size_J + size_h:size_J + size_h + size_W]\n",
    "\n",
    "        J = np.zeros((N, N))\n",
    "        J[np.triu_indices(N, k=1)] = J_upper_tri\n",
    "        J += J.T\n",
    "        np.fill_diagonal(J, 0)\n",
    "\n",
    "        return J, h, W\n",
    "\n",
    "    @staticmethod\n",
    "    def _predict_Z(data_matrix, W, b):\n",
    "        \"\"\"\n",
    "        Predict Z using the data_matrix and optimised parameters\n",
    "        \"\"\"\n",
    "        Z_predicted = np.zeros(data_matrix.shape[0])\n",
    "        for i in range(data_matrix.shape[0]):\n",
    "            # Calculate the effective field for each sample\n",
    "            h_eff = np.dot(W, data_matrix[i, :]) + b\n",
    "            # Predict the state of Z based on the sign of the effective field\n",
    "            Z_predicted[i] = 1 if h_eff > 0 else -1\n",
    "        return Z_predicted\n",
    "\n",
    "    @exception_handler\n",
    "    @timer\n",
    "    def _optimise_model(self, data, Z):\n",
    "        \"\"\"\n",
    "        Define the optimisation function with the modified likelihood function\n",
    "        \"\"\"\n",
    "        N = data.shape[1]  # Number of variables (currencies)\n",
    "\n",
    "        def objective_function(x):\n",
    "            J, h, W = self._reconstruct_parameters(x, N)  # Ensure this matches the structure of x0\n",
